subj	word	wlen	skip	mfix	fp.reg
1	7_2	9	0	1	0
1	7_3	8	0	1	0
1	7_4	2	1	0	NA
1	7_5	3	0	0	0
1	7_6	5	1	0	NA
1	7_7	7	0	1	0
1	7_8	3	1	0	NA
1	8_2	6	0	1	0
1	8_4	8	1	0	NA
1	8_5	4	0	0	0
1	8_6	3	0	0	0
1	8_7	3	1	0	NA
1	8_8	7	0	1	1
1	8_9	2	1	0	NA
1	9_2	7	0	0	0
1	9_3	3	1	0	NA
1	9_4	8	0	0	0
1	9_5	4	1	0	NA
1	9_6	9	0	0	0
1	9_7	4	0	1	0
1	9_8	3	1	0	NA
1	10_2	9	0	1	0
1	10_3	9	0	0	0
1	10_4	6	0	0	0
1	10_5	2	1	0	NA
1	10_6	3	0	0	0
1	10_7	7	0	0	0
1	10_8	3	1	0	NA
1	10_9	4	0	0	0
1	10_10	4	0	0	0
1	14_2	3	0	0	0
1	14_3	3	0	0	0
1	14_4	4	1	0	NA
1	14_5	4	0	0	0
1	14_6	2	1	0	NA
1	14_7	3	0	0	0
1	14_8	7	0	0	0
1	14_10	3	0	0	0
1	14_11	2	1	0	NA
1	15_2	6	0	1	0
1	15_3	5	0	0	0
1	15_4	4	1	0	NA
1	15_5	7	0	1	0
1	15_6	4	1	0	NA
1	15_9	3	1	0	NA
1	25_2	9	0	0	0
1	25_3	3	0	0	1
1	25_4	8	0	1	0
1	25_5	4	1	0	NA
1	25_6	3	0	0	0
1	25_7	9	0	0	1
1	25_8	7	0	0	0
1	27_2	4	0	0	0
1	27_3	3	1	0	NA
1	27_4	4	0	0	0
1	27_5	8	0	1	0
1	27_6	2	1	0	NA
1	27_7	3	0	0	0
1	27_8	12	0	0	0
1	27_9	2	1	0	NA
1	28_2	9	0	1	0
1	28_3	6	0	0	0
1	28_4	7	0	0	0
1	28_5	2	1	0	NA
1	28_6	5	0	0	0
1	28_7	7	0	0	0
1	28_8	1	1	0	NA
1	28_9	8	0	0	0
1	28_10	2	1	0	NA
1	32_2	4	1	0	NA
1	32_3	1	1	0	NA
1	32_5	3	1	0	NA
1	32_6	7	0	1	0
1	32_7	6	0	0	0
1	32_8	3	1	0	NA
1	33_2	6	0	0	0
1	33_3	5	1	0	NA
1	33_4	7	0	1	0
1	33_5	3	1	0	NA
1	33_6	9	0	0	0
1	33_7	2	1	0	NA
1	33_8	3	0	0	0
1	34_2	6	0	1	0
1	34_3	9	0	0	0
1	34_4	1	1	0	NA
1	34_5	7	0	1	0
1	34_6	2	1	0	NA
1	34_7	2	0	0	0
1	34_8	6	0	0	0
1	34_9	6	0	0	0
1	34_10	3	1	0	NA
1	35_2	6	0	0	0
1	35_3	4	0	0	0
1	35_4	3	1	0	NA
1	35_5	7	0	0	0
1	35_6	2	1	0	NA
1	35_7	3	1	0	NA
1	35_8	4	0	0	0
1	35_9	3	0	0	0
1	35_10	1	1	0	NA
1	35_11	7	0	0	0
1	35_12	2	1	0	NA
1	35_13	3	1	0	NA
1	39_2	6	0	0	0
1	39_3	4	0	0	0
1	39_4	6	0	0	0
1	39_5	3	1	0	NA
1	39_6	2	1	0	NA
1	39_7	3	0	0	0
1	39_8	7	0	0	0
1	39_9	3	1	0	NA
1	39_10	2	0	0	0
1	39_11	3	1	0	NA
1	39_12	5	0	0	0
1	40_2	7	0	1	0
1	40_3	5	0	0	0
1	40_4	3	1	0	NA
1	40_5	6	0	0	0
1	40_6	3	0	0	0
1	40_7	5	0	0	0
1	40_8	3	0	0	0
1	40_9	11	0	0	0
1	40_10	2	1	0	NA
1	40_11	3	0	0	0
1	41_2	4	0	0	0
1	41_3	4	0	0	0
1	41_4	10	0	0	0
1	41_5	3	1	0	NA
1	41_6	1	1	0	NA
1	41_7	6	0	1	0
1	41_8	5	0	1	0
1	41_9	3	0	0	0
1	41_10	1	1	0	NA
1	41_11	10	0	1	0
1	44_2	3	1	0	NA
1	44_3	7	0	0	0
1	44_5	6	0	0	0
1	44_6	4	1	0	NA
1	44_7	7	0	1	0
1	44_8	2	1	0	NA
1	44_9	6	0	0	0
1	44_10	3	1	0	NA
2	1_2	5	0	0	0
2	1_3	4	1	0	NA
2	1_4	3	0	0	1
2	1_5	3	1	0	NA
2	1_6	9	1	0	NA
2	1_7	2	1	0	NA
2	1_8	3	0	0	0
2	1_9	3	1	0	NA
2	1_10	2	0	0	0
2	1_11	3	1	0	NA
2	2_2	9	0	1	0
2	2_3	10	0	1	0
2	2_4	3	1	0	NA
2	2_5	3	1	0	NA
2	2_6	9	0	1	0
2	2_7	2	1	0	NA
2	2_8	3	0	0	1
2	2_9	6	1	0	NA
2	3_2	2	0	0	0
2	3_3	3	1	0	NA
2	3_4	8	0	1	0
2	3_5	6	0	0	0
2	3_6	2	1	0	NA
2	3_7	4	1	0	NA
2	3_8	2	0	0	0
2	3_9	4	0	0	0
2	3_10	5	1	0	NA
2	3_11	6	0	0	0
2	4_2	4	0	0	0
2	4_3	5	0	0	1
2	4_4	4	0	0	0
2	4_5	2	1	0	NA
2	4_6	5	0	0	0
2	4_7	4	1	0	NA
2	4_8	3	0	0	0
2	4_9	5	0	1	0
2	4_10	8	1	0	NA
2	5_2	10	0	1	0
2	5_3	4	0	0	0
2	5_4	3	1	0	NA
2	5_5	8	0	0	1
2	5_6	8	1	0	NA
2	5_7	4	0	1	0
2	5_8	4	1	0	NA
2	5_9	4	0	0	0
2	6_2	5	0	1	0
2	6_3	3	1	0	NA
2	6_4	6	0	0	0
2	6_5	3	0	1	0
2	6_6	7	1	0	NA
2	6_7	2	1	0	NA
2	6_8	8	0	0	0
2	6_9	5	0	0	0
2	6_10	3	1	0	NA
2	6_11	3	0	0	0
2	6_12	3	1	0	NA
2	7_2	9	0	0	0
2	7_3	8	0	1	0
2	7_4	2	1	0	NA
2	7_5	3	0	0	0
2	7_6	5	1	0	NA
2	7_7	7	0	1	0
2	7_8	3	1	0	NA
2	8_2	6	0	0	0
2	8_4	8	0	0	0
2	8_5	4	1	0	NA
2	8_6	3	0	0	0
2	8_7	3	0	0	0
2	8_8	7	0	0	0
2	8_9	2	1	0	NA
2	9_2	7	0	1	0
2	9_3	3	1	0	NA
2	9_4	8	0	0	0
2	9_5	4	0	0	0
2	9_6	9	0	0	0
2	9_7	4	0	0	0
2	9_8	3	0	0	0
2	10_2	9	0	1	0
2	10_3	9	0	0	0
2	10_4	6	0	0	0
2	10_5	2	1	0	NA
2	10_6	3	1	0	NA
2	10_7	7	0	1	0
2	10_8	3	1	0	NA
2	10_9	4	1	0	NA
2	10_10	4	0	0	0
2	11_2	4	0	0	0
2	11_3	3	0	0	0
2	11_4	7	0	0	1
2	11_5	4	1	0	NA
2	11_6	3	0	0	0
2	11_7	3	1	0	NA
2	11_8	3	0	0	0
2	11_9	3	0	0	0
2	11_10	8	0	0	0
2	12_2	3	0	0	0
2	12_3	9	1	0	NA
2	12_4	2	1	0	NA
2	12_5	6	0	0	0
2	12_6	7	0	0	0
2	12_7	7	0	0	0
2	12_8	5	0	0	0
2	12_9	2	1	0	NA
2	12_10	3	0	0	0
2	12_11	2	1	0	NA
2	12_12	4	0	0	0
2	13_2	3	1	0	NA
2	13_3	3	1	0	NA
2	13_4	7	0	0	1
2	13_5	4	0	0	0
2	13_6	2	1	0	NA
2	13_7	6	1	0	NA
2	13_8	3	0	0	0
2	13_9	5	0	0	0
2	13_10	6	0	0	0
2	14_2	3	1	0	NA
2	14_3	3	1	0	NA
2	14_4	4	0	0	1
2	14_5	4	1	0	NA
2	14_6	2	0	0	0
2	14_7	3	1	0	NA
2	14_8	7	0	0	0
2	14_10	3	0	0	0
2	14_11	2	1	0	NA
2	15_2	6	1	0	NA
2	15_3	5	0	0	0
2	15_4	4	1	0	NA
2	15_5	7	0	0	0
2	15_6	4	0	0	0
2	15_9	3	0	0	0
2	16_2	4	1	0	NA
2	16_3	6	0	1	0
2	16_4	5	1	0	NA
2	16_5	3	0	0	0
2	16_6	6	0	0	0
2	16_7	6	0	0	0
2	16_8	3	1	0	NA
2	16_9	3	0	0	0
2	16_10	8	0	0	0
2	17_2	4	0	0	0
2	17_3	5	0	0	0
2	17_4	4	0	0	0
2	17_5	6	0	1	0
2	17_6	6	1	0	NA
2	17_7	3	0	0	0
2	17_8	7	0	0	0
2	17_9	2	1	0	NA
2	17_10	6	0	0	0
2	18_2	5	0	0	0
2	18_3	5	1	0	NA
2	18_4	3	0	1	1
2	18_5	3	0	0	0
2	18_6	2	1	0	NA
2	18_7	5	0	1	0
2	18_8	3	0	0	0
2	18_9	6	0	0	0
2	18_10	3	1	0	NA
2	18_11	3	0	0	0
2	18_12	3	1	0	NA
2	19_2	7	0	0	0
2	19_3	6	0	0	0
2	19_4	5	1	0	NA
2	19_5	6	0	1	0
2	19_6	3	1	0	NA
2	19_7	6	0	0	0
2	19_8	7	0	0	0
2	20_2	5	0	0	0
2	20_3	6	1	0	NA
2	20_4	4	0	0	0
2	20_6	7	0	0	0
2	20_7	4	0	0	0
2	20_8	1	1	0	NA
2	20_9	6	1	0	NA
2	20_10	4	0	0	0
2	20_11	3	0	0	0
2	22_2	7	0	1	0
2	22_3	5	0	0	0
2	22_4	3	1	0	NA
2	22_5	6	0	0	0
2	22_6	3	1	0	NA
2	22_7	7	0	0	0
2	22_8	7	0	0	0
2	22_9	4	0	0	0
2	22_10	3	1	0	NA
2	23_2	3	0	0	0
2	23_3	4	0	0	0
2	23_4	2	1	0	NA
2	23_5	3	1	0	NA
2	23_6	11	0	1	0
2	23_7	6	1	0	NA
2	23_8	7	0	0	0
2	23_9	2	0	0	0
2	23_10	7	0	0	0
2	24_2	3	0	1	0
2	24_3	12	0	0	0
2	24_4	7	0	0	0
2	24_5	2	0	0	0
2	24_6	5	0	0	0
2	24_7	3	0	0	0
2	24_8	6	1	0	NA
2	24_9	2	1	0	NA
2	25_2	9	0	0	0
2	25_3	3	1	0	NA
2	25_4	8	0	0	0
2	25_5	4	0	0	0
2	25_6	3	0	0	0
2	25_7	9	1	0	NA
2	25_8	7	0	0	0
2	26_2	2	1	0	NA
2	26_3	3	1	0	NA
2	26_4	7	0	0	0
2	26_5	2	1	0	NA
2	26_6	3	0	0	0
2	26_7	2	1	0	NA
2	26_8	9	0	1	0
2	26_9	5	1	0	NA
2	26_10	1	0	0	0
2	26_11	4	1	0	NA
2	26_12	2	0	0	0
2	27_2	4	0	0	0
2	27_3	3	1	0	NA
2	27_4	4	0	0	0
2	27_5	8	0	1	0
2	27_6	2	1	0	NA
2	27_7	3	1	0	NA
2	27_8	12	0	1	0
2	27_9	2	1	0	NA
2	28_2	9	0	1	0
2	28_3	6	1	0	NA
2	28_4	7	0	0	0
2	28_5	2	0	0	0
2	28_6	5	0	0	0
2	28_7	7	0	0	0
2	28_8	1	1	0	NA
2	28_9	8	0	0	0
2	28_10	2	1	0	NA
2	29_2	5	0	0	0
2	29_3	6	0	0	0
2	29_4	3	1	0	NA
2	29_5	8	0	0	0
2	29_6	2	1	0	NA
2	29_7	2	1	0	NA
2	29_8	7	0	0	0
2	29_9	3	1	0	NA
2	29_10	6	0	0	0
2	30_2	3	0	0	0
2	30_3	8	0	0	0
2	30_4	2	1	0	NA
2	30_5	7	0	0	0
2	30_6	1	1	0	NA
2	30_7	7	1	0	NA
2	30_8	4	0	0	0
2	30_9	3	0	0	0
2	31_2	4	0	0	0
2	31_4	3	1	0	NA
2	31_5	3	0	0	0
2	31_6	3	1	0	NA
2	31_7	7	0	1	0
2	31_8	4	1	0	NA
2	31_9	3	0	0	0
2	31_10	6	0	0	0
2	31_11	4	1	0	NA
2	32_2	4	0	1	0
2	32_3	1	1	0	NA
2	32_5	3	0	0	0
2	32_6	7	0	0	0
2	32_7	6	0	0	0
2	32_8	3	0	0	0
2	33_2	6	0	1	0
2	33_3	5	1	0	NA
2	33_4	7	0	0	0
2	33_5	3	1	0	NA
2	33_6	9	0	1	0
2	33_7	2	1	0	NA
2	33_8	3	0	0	1
2	34_2	6	0	0	0
2	34_3	9	0	1	0
2	34_4	1	1	0	NA
2	34_5	7	0	0	0
2	34_6	2	0	0	0
2	34_7	2	1	0	NA
2	34_8	6	0	0	1
2	34_9	6	0	0	0
2	34_10	3	1	0	NA
2	35_2	6	1	0	NA
2	35_3	4	0	0	0
2	35_4	3	1	0	NA
2	35_5	7	0	1	0
2	35_6	2	1	0	NA
2	35_7	3	0	1	0
2	35_8	4	0	0	0
2	35_9	3	1	0	NA
2	35_10	1	0	0	0
2	35_11	7	0	0	0
2	35_12	2	1	0	NA
2	35_13	3	0	0	0
2	36_2	5	0	0	0
2	36_3	3	0	0	1
2	36_4	7	1	0	NA
2	36_5	4	1	0	NA
2	36_7	3	1	0	NA
2	36_9	3	1	0	NA
2	37_2	5	0	0	0
2	37_3	3	0	0	0
2	37_4	1	1	0	NA
2	37_5	9	0	1	0
2	37_6	5	0	0	0
2	37_7	5	1	0	NA
2	37_8	6	0	0	0
2	37_9	2	1	0	NA
2	37_10	7	0	0	0
2	37_11	3	1	0	NA
2	39_2	6	0	0	0
2	39_3	4	0	0	1
2	39_4	6	0	0	0
2	39_5	3	0	0	0
2	39_6	2	1	0	NA
2	39_7	3	0	0	0
2	39_8	7	0	0	0
2	39_9	3	1	0	NA
2	39_10	2	0	0	0
2	39_11	3	1	0	NA
2	39_12	5	0	1	0
2	40_2	7	0	0	0
2	40_3	5	0	0	0
2	40_4	3	1	0	NA
2	40_5	6	0	0	0
2	40_6	3	1	0	NA
2	40_7	5	0	0	0
2	40_8	3	1	0	NA
2	40_9	11	0	0	0
2	40_10	2	1	0	NA
2	40_11	3	0	0	0
2	41_2	4	0	0	0
2	41_3	4	1	0	NA
2	41_4	10	0	1	0
2	41_5	3	1	0	NA
2	41_6	1	0	0	0
2	41_7	6	1	0	NA
2	41_8	5	0	0	0
2	41_9	3	1	0	NA
2	41_10	1	0	0	0
2	41_11	10	0	0	0
2	42_2	8	0	0	0
2	42_3	7	0	0	0
2	42_4	9	0	0	0
2	42_5	3	1	0	NA
2	42_6	6	0	1	0
2	42_7	2	0	0	0
2	42_8	3	1	0	NA
2	42_9	5	1	0	NA
2	43_2	9	0	1	0
2	43_4	3	1	0	NA
2	43_5	6	0	1	0
2	43_6	6	0	1	0
2	43_7	10	1	0	NA
2	43_8	3	0	0	0
2	43_9	1	1	0	NA
2	43_10	4	1	0	NA
2	43_11	2	1	0	NA
2	44_2	3	0	1	0
2	44_3	7	1	0	NA
2	44_5	6	0	0	0
2	44_6	4	0	0	0
2	44_7	7	1	0	NA
2	44_8	2	1	0	NA
2	44_9	6	0	0	0
2	44_10	3	1	0	NA
2	45_2	8	0	0	0
2	45_3	7	0	0	0
2	45_4	4	1	0	NA
2	45_5	1	0	0	0
2	45_6	5	0	0	0
2	45_7	6	0	0	0
2	45_8	5	0	0	0
2	45_9	2	1	0	NA
2	45_10	3	0	0	0
2	45_11	5	0	0	0
2	46_2	3	0	0	0
2	46_3	3	1	0	NA
2	46_4	3	0	0	0
2	46_5	2	1	0	NA
2	46_6	3	1	0	NA
2	46_8	2	1	0	NA
2	46_9	6	1	0	NA
2	46_10	6	0	1	0
2	46_11	2	1	0	NA
2	46_12	3	0	0	0
2	47_2	6	0	0	0
2	47_3	9	0	0	0
2	47_4	7	0	0	0
2	47_5	1	1	0	NA
2	47_7	3	1	0	NA
2	47_8	2	1	0	NA
2	47_9	9	0	0	0
2	47_10	2	1	0	NA
2	47_11	3	1	0	NA
2	48_2	4	0	0	0
2	48_3	6	1	0	NA
2	48_4	6	0	1	0
2	48_5	8	0	0	0
2	48_6	3	1	0	NA
2	48_8	2	1	0	NA
2	48_9	7	0	0	0
2	48_10	3	0	0	0
2	48_11	3	1	0	NA
3	1_2	5	0	0	0
3	1_3	4	0	0	0
3	1_4	3	0	0	0
3	1_5	3	1	0	NA
3	1_6	9	0	0	0
3	1_7	2	1	0	NA
3	1_8	3	1	0	NA
3	1_9	3	0	0	0
3	1_10	2	1	0	NA
3	1_11	3	0	0	0
3	2_2	9	0	1	0
3	2_3	10	0	0	0
3	2_4	3	0	0	0
3	2_5	3	1	0	NA
3	2_6	9	0	0	0
3	2_7	2	1	0	NA
3	2_8	3	0	0	0
3	2_9	6	0	0	0
3	4_2	4	0	0	0
3	4_3	5	0	0	0
3	4_4	4	0	0	0
3	4_5	2	1	0	NA
3	4_6	5	0	0	0
3	4_7	4	0	0	0
3	4_8	3	1	0	NA
3	4_9	5	0	0	0
3	4_10	8	0	1	0
3	5_2	10	0	1	0
3	5_3	4	0	0	0
3	5_4	3	1	0	NA
3	5_5	8	0	0	0
3	5_6	8	0	0	0
3	5_7	4	0	0	0
3	5_8	4	0	0	0
3	5_9	4	0	0	0
3	6_2	5	0	0	0
3	6_3	3	0	0	0
3	6_4	6	0	0	0
3	6_5	3	1	0	NA
3	6_6	7	0	0	0
3	6_7	2	1	0	NA
3	6_8	8	0	1	0
3	6_9	5	0	0	0
3	6_10	3	1	0	NA
3	6_11	3	1	0	NA
3	6_12	3	0	0	0
3	7_2	9	0	0	0
3	7_3	8	0	0	0
3	7_4	2	1	0	NA
3	7_5	3	0	0	0
3	7_6	5	0	0	0
3	7_7	7	0	0	0
3	7_8	3	1	0	NA
3	8_2	6	0	0	0
3	8_4	8	0	0	0
3	8_5	4	0	0	0
3	8_6	3	1	0	NA
3	8_7	3	0	0	0
3	8_8	7	0	0	0
3	8_9	2	1	0	NA
3	9_2	7	0	1	0
3	9_3	3	1	0	NA
3	9_4	8	0	0	0
3	9_5	4	0	0	0
3	9_6	9	0	0	0
3	9_7	4	1	0	NA
3	9_8	3	0	0	0
3	10_2	9	0	0	0
3	10_3	9	0	0	0
3	10_4	6	0	0	0
3	10_5	2	1	0	NA
3	10_6	3	1	0	NA
3	10_7	7	0	0	0
3	10_8	3	1	0	NA
3	10_9	4	0	0	0
3	10_10	4	0	0	0
3	11_2	4	0	0	0
3	11_3	3	1	0	NA
3	11_4	7	0	0	1
3	11_5	4	0	0	0
3	11_6	3	0	0	0
3	11_7	3	0	0	0
3	11_8	3	1	0	NA
3	11_9	3	0	0	0
3	11_10	8	0	0	0
3	12_2	3	0	1	0
3	12_3	9	0	0	0
3	12_4	2	1	0	NA
3	12_5	6	0	0	0
3	12_6	7	0	0	0
3	12_7	7	0	0	0
3	12_8	5	0	0	0
3	12_9	2	1	0	NA
3	12_10	3	0	0	0
3	12_11	2	1	0	NA
3	12_12	4	0	0	0
3	13_2	3	0	0	0
3	13_3	3	0	0	0
3	13_4	7	0	0	0
3	13_5	4	1	0	NA
3	13_6	2	0	0	0
3	13_7	6	0	0	0
3	13_8	3	1	0	NA
3	13_9	5	0	0	0
3	13_10	6	1	0	NA
3	14_2	3	0	0	0
3	14_3	3	0	0	0
3	14_4	4	0	1	0
3	14_5	4	1	0	NA
3	14_6	2	0	0	0
3	14_7	3	1	0	NA
3	14_8	7	0	0	0
3	14_10	3	1	0	NA
3	14_11	2	0	0	0
3	15_2	6	0	0	0
3	15_3	5	1	0	NA
3	15_4	4	0	0	0
3	15_5	7	0	1	0
3	15_6	4	1	0	NA
3	15_9	3	1	0	NA
3	16_2	4	0	0	0
3	16_3	6	1	0	NA
3	16_4	5	0	0	0
3	16_5	3	0	0	0
3	16_6	6	1	0	NA
3	16_7	6	0	1	0
3	16_8	3	1	0	NA
3	16_9	3	1	0	NA
3	16_10	8	0	1	0
3	17_2	4	0	0	0
3	17_3	5	1	0	NA
3	17_4	4	0	0	0
3	17_5	6	0	0	0
3	17_6	6	0	0	0
3	17_7	3	0	0	0
3	17_8	7	0	0	0
3	17_9	2	1	0	NA
3	17_10	6	0	0	0
3	18_2	5	0	0	0
3	18_3	5	0	1	0
3	18_4	3	1	0	NA
3	18_5	3	0	0	0
3	18_6	2	1	0	NA
3	18_7	5	0	0	0
3	18_8	3	1	0	NA
3	18_9	6	0	0	0
3	18_10	3	1	0	NA
3	18_11	3	1	0	NA
3	18_12	3	0	0	0
3	19_2	7	0	0	0
3	19_3	6	0	0	0
3	19_4	5	1	0	NA
3	19_5	6	0	0	0
3	19_6	3	0	0	0
3	19_7	6	0	0	0
3	19_8	7	0	0	0
3	20_2	5	0	1	0
3	20_3	6	0	1	0
3	20_4	4	0	0	1
3	20_6	7	0	0	0
3	20_7	4	0	0	0
3	20_8	1	1	0	NA
3	20_9	6	0	0	0
3	20_10	4	1	0	NA
3	20_11	3	0	0	0
3	21_2	3	0	0	0
3	21_3	3	1	0	NA
3	21_4	4	0	0	0
3	21_5	8	0	1	0
3	21_6	3	1	0	NA
3	21_7	8	0	0	0
3	21_8	3	1	0	NA
3	21_9	6	0	1	0
3	21_10	5	1	0	NA
3	21_11	2	0	0	0
3	22_2	7	0	0	0
3	22_3	5	0	0	0
3	22_4	3	1	0	NA
3	22_5	6	0	0	0
3	22_6	3	1	0	NA
3	22_7	7	0	0	0
3	22_8	7	0	0	0
3	22_9	4	0	0	0
3	22_10	3	1	0	NA
3	23_2	3	0	0	0
3	23_3	4	0	0	0
3	23_4	2	1	0	NA
3	23_5	3	0	0	0
3	23_6	11	0	0	0
3	23_7	6	0	0	0
3	23_8	7	0	0	0
3	23_9	2	1	0	NA
3	23_10	7	0	0	0
3	24_2	3	1	0	NA
3	24_3	12	0	1	0
3	24_4	7	0	0	0
3	24_5	2	1	0	NA
3	24_6	5	0	0	0
3	24_7	3	1	0	NA
3	24_8	6	0	0	0
3	24_9	2	0	0	0
3	25_2	9	0	0	0
3	25_3	3	0	0	0
3	25_4	8	0	0	0
3	25_5	4	1	0	NA
3	25_6	3	0	0	0
3	25_7	9	0	0	0
3	25_8	7	0	0	0
3	26_2	2	1	0	NA
3	26_3	3	0	0	0
3	26_4	7	0	1	0
3	26_5	2	1	0	NA
3	26_6	3	0	0	0
3	26_7	2	1	0	NA
3	26_8	9	0	0	0
3	26_9	5	0	0	0
3	26_10	1	1	0	NA
3	26_11	4	0	0	0
3	26_12	2	1	0	NA
3	27_2	4	0	1	0
3	27_3	3	1	0	NA
3	27_4	4	0	1	0
3	27_5	8	0	0	0
3	27_6	2	1	0	NA
3	27_7	3	1	0	NA
3	27_8	12	0	1	0
3	27_9	2	0	0	0
3	28_2	9	0	0	0
3	28_3	6	0	0	0
3	28_4	7	0	0	0
3	28_5	2	1	0	NA
3	28_6	5	0	0	0
3	28_7	7	1	0	NA
3	28_8	1	0	0	0
3	28_9	8	0	0	0
3	28_10	2	1	0	NA
3	29_2	5	0	0	0
3	29_3	6	0	0	0
3	29_4	3	1	0	NA
3	29_5	8	0	1	0
3	29_6	2	0	0	0
3	29_7	2	1	0	NA
3	29_8	7	0	0	0
3	29_9	3	1	0	NA
3	29_10	6	0	0	0
3	30_2	3	0	1	0
3	30_3	8	0	0	0
3	30_4	2	1	0	NA
3	30_5	7	0	0	0
3	30_6	1	1	0	NA
3	30_7	7	0	0	0
3	30_8	4	1	0	NA
3	30_9	3	0	0	0
3	31_2	4	1	0	NA
3	31_4	3	0	0	0
3	31_5	3	1	0	NA
3	31_6	3	0	0	0
3	31_7	7	0	0	0
3	31_8	4	1	0	NA
3	31_9	3	0	0	0
3	31_10	6	0	0	0
3	31_11	4	1	0	NA
3	32_2	4	0	0	0
3	32_3	1	1	0	NA
3	32_5	3	0	0	0
3	32_6	7	0	0	0
3	32_7	6	0	0	0
3	32_8	3	1	0	NA
3	33_2	6	0	1	0
3	33_3	5	0	0	0
3	33_4	7	0	1	0
3	33_5	3	1	0	NA
3	33_6	9	0	0	0
3	33_7	2	0	0	0
3	33_8	3	1	0	NA
3	34_2	6	0	0	0
3	34_3	9	0	0	0
3	34_4	1	1	0	NA
3	34_5	7	0	1	0
3	34_6	2	1	0	NA
3	34_7	2	0	0	0
3	34_8	6	0	0	0
3	34_9	6	0	0	0
3	34_10	3	1	0	NA
3	35_2	6	0	1	0
3	35_3	4	0	0	0
3	35_4	3	1	0	NA
3	35_5	7	0	0	0
3	35_6	2	0	0	0
3	35_7	3	1	0	NA
3	35_8	4	0	0	0
3	35_9	3	1	0	NA
3	35_10	1	0	0	0
3	35_11	7	1	0	NA
3	35_12	2	0	0	0
3	35_13	3	1	0	NA
3	36_2	5	0	0	0
3	36_3	3	1	0	NA
3	36_4	7	0	0	0
3	36_5	4	0	0	0
3	36_7	3	0	0	0
3	36_9	3	1	0	NA
3	37_2	5	0	0	0
3	37_3	3	0	0	0
3	37_4	1	1	0	NA
3	37_5	9	0	1	0
3	37_6	5	1	0	NA
3	37_7	5	0	0	0
3	37_8	6	0	0	0
3	37_9	2	1	0	NA
3	37_10	7	0	0	0
3	37_11	3	0	0	0
3	39_2	6	0	0	0
3	39_3	4	1	0	NA
3	39_4	6	0	1	0
3	39_5	3	1	0	NA
3	39_6	2	0	0	0
3	39_7	3	1	0	NA
3	39_8	7	0	0	0
3	39_9	3	1	0	NA
3	39_10	2	0	0	0
3	39_11	3	1	0	NA
3	39_12	5	0	0	0
3	40_2	7	0	0	0
3	40_3	5	0	0	0
3	40_4	3	1	0	NA
3	40_5	6	0	1	0
3	40_6	3	1	0	NA
3	40_7	5	0	0	0
3	40_8	3	0	0	0
3	40_9	11	0	0	0
3	40_10	2	1	0	NA
3	40_11	3	0	0	0
3	41_2	4	0	0	0
3	41_3	4	1	0	NA
3	41_4	10	0	0	0
3	41_5	3	0	0	0
3	41_6	1	1	0	NA
3	41_7	6	0	0	0
3	41_8	5	0	0	0
3	41_9	3	1	0	NA
3	41_10	1	1	0	NA
3	41_11	10	0	1	0
3	42_2	8	0	0	0
3	42_3	7	0	0	0
3	42_4	9	0	0	0
3	42_5	3	1	0	NA
3	42_6	6	0	1	0
3	42_7	2	1	0	NA
3	42_8	3	0	0	0
3	42_9	5	1	0	NA
3	44_2	3	1	0	NA
3	44_3	7	0	1	0
3	44_5	6	0	1	0
3	44_6	4	1	0	NA
3	44_7	7	0	0	0
3	44_8	2	1	0	NA
3	44_9	6	0	0	0
3	44_10	3	1	0	NA
3	45_2	8	0	1	0
3	45_3	7	0	1	0
3	45_4	4	1	0	NA
3	45_5	1	0	0	0
3	45_6	5	1	0	NA
3	45_7	6	0	1	0
3	45_8	5	1	0	NA
3	45_9	2	0	0	0
3	45_10	3	1	0	NA
3	45_11	5	0	0	0
3	46_2	3	0	1	0
3	46_3	3	0	0	0
3	46_4	3	0	0	0
3	46_5	2	1	0	NA
3	46_6	3	0	0	0
3	46_8	2	0	0	0
3	46_9	6	0	0	0
3	46_10	6	0	0	0
3	46_11	2	1	0	NA
3	46_12	3	0	0	0
3	47_2	6	0	0	0
3	47_3	9	0	0	0
3	47_4	7	0	0	0
3	47_5	1	1	0	NA
3	47_7	3	1	0	NA
3	47_8	2	1	0	NA
3	47_9	9	0	1	0
3	47_10	2	1	0	NA
3	47_11	3	0	0	0
3	48_2	4	0	0	0
3	48_3	6	0	0	0
3	48_4	6	0	0	0
3	48_5	8	0	0	0
3	48_6	3	0	0	0
3	48_8	2	0	0	0
3	48_9	7	0	0	0
3	48_10	3	1	0	NA
3	48_11	3	0	0	0
4	1_2	5	0	0	0
4	1_3	4	1	0	NA
4	1_4	3	0	0	0
4	1_5	3	0	0	0
4	1_6	9	0	0	0
4	1_7	2	1	0	NA
4	1_8	3	0	0	0
4	1_9	3	1	0	NA
4	1_10	2	0	0	0
4	1_11	3	1	0	NA
4	2_2	9	0	1	0
4	2_3	10	0	0	0
4	2_4	3	1	0	NA
4	2_5	3	0	0	0
4	2_6	9	0	0	0
4	2_7	2	1	0	NA
4	2_8	3	0	0	0
4	2_9	6	0	0	0
4	3_2	2	0	0	0
4	3_3	3	1	0	NA
4	3_4	8	0	0	0
4	3_5	6	0	0	0
4	3_6	2	1	0	NA
4	3_7	4	0	0	0
4	3_8	2	1	0	NA
4	3_9	4	0	0	0
4	3_10	5	0	1	1
4	3_11	6	0	0	0
4	4_2	4	1	0	NA
4	4_3	5	0	0	0
4	4_4	4	0	0	0
4	4_5	2	1	0	NA
4	4_6	5	0	0	0
4	4_7	4	0	0	0
4	4_8	3	1	0	NA
4	4_9	5	0	0	0
4	4_10	8	0	0	0
4	5_2	10	0	0	0
4	5_3	4	0	0	0
4	5_4	3	1	0	NA
4	5_5	8	0	0	0
4	5_6	8	0	0	0
4	5_7	4	0	0	0
4	5_8	4	1	0	NA
4	5_9	4	1	0	NA
4	6_2	5	0	0	0
4	6_3	3	0	0	0
4	6_4	6	0	0	0
4	6_5	3	1	0	NA
4	6_6	7	0	0	0
4	6_7	2	1	0	NA
4	6_8	8	0	0	0
4	6_9	5	0	0	0
4	6_10	3	1	0	NA
4	6_11	3	0	0	0
4	6_12	3	1	0	NA
4	7_2	9	0	1	0
4	7_3	8	0	0	0
4	7_4	2	1	0	NA
4	7_5	3	0	0	0
4	7_6	5	1	0	NA
4	7_7	7	0	1	0
4	7_8	3	1	0	NA
4	8_2	6	0	1	0
4	8_4	8	0	0	0
4	8_5	4	1	0	NA
4	8_6	3	0	0	0
4	8_7	3	0	0	0
4	8_8	7	1	0	NA
4	8_9	2	0	0	0
4	9_2	7	0	1	0
4	9_3	3	1	0	NA
4	9_4	8	0	0	0
4	9_5	4	0	0	0
4	9_6	9	0	0	0
4	9_7	4	1	0	NA
4	9_8	3	0	0	0
4	10_2	9	0	1	0
4	10_3	9	0	0	0
4	10_4	6	0	0	0
4	10_5	2	1	0	NA
4	10_6	3	0	0	0
4	10_7	7	0	0	0
4	10_8	3	1	0	NA
4	10_9	4	0	0	0
4	10_10	4	1	0	NA
4	11_2	4	0	0	0
4	11_3	3	0	0	0
4	11_4	7	0	0	0
4	11_5	4	1	0	NA
4	11_6	3	0	0	0
4	11_7	3	0	0	0
4	11_8	3	1	0	NA
4	11_9	3	0	0	0
4	11_10	8	0	0	0
4	12_2	3	0	0	0
4	12_3	9	0	0	0
4	12_4	2	1	0	NA
4	12_5	6	0	0	0
4	12_6	7	0	0	0
4	12_7	7	0	0	0
4	12_8	5	0	0	0
4	12_9	2	1	0	NA
4	12_10	3	0	0	0
4	12_11	2	1	0	NA
4	12_12	4	0	0	0
4	13_2	3	1	0	NA
4	13_3	3	0	0	0
4	13_4	7	1	0	NA
4	13_5	4	0	0	0
4	13_6	2	1	0	NA
4	13_7	6	0	0	0
4	13_8	3	1	0	NA
4	13_9	5	0	0	0
4	13_10	6	0	0	0
4	15_2	6	0	1	0
4	15_3	5	0	0	0
4	15_4	4	1	0	NA
4	15_5	7	0	0	0
4	15_6	4	0	0	0
4	15_9	3	1	0	NA
4	16_2	4	0	0	0
4	16_3	6	0	0	0
4	16_4	5	0	0	0
4	16_5	3	1	0	NA
4	16_6	6	0	0	0
4	16_7	6	0	0	0
4	16_8	3	1	0	NA
4	16_9	3	0	0	0
4	16_10	8	0	0	0
4	17_2	4	0	0	0
4	17_3	5	0	0	0
4	17_4	4	1	0	NA
4	17_5	6	0	0	0
4	17_6	6	0	0	0
4	17_7	3	1	0	NA
4	17_8	7	0	0	0
4	17_9	2	1	0	NA
4	17_10	6	0	0	0
4	18_2	5	0	1	0
4	18_3	5	0	0	0
4	18_4	3	1	0	NA
4	18_5	3	0	0	0
4	18_6	2	1	0	NA
4	18_7	5	0	0	0
4	18_8	3	1	0	NA
4	18_9	6	0	0	0
4	18_10	3	1	0	NA
4	18_11	3	0	0	0
4	18_12	3	0	0	0
4	19_2	7	0	1	0
4	19_3	6	0	0	0
4	19_4	5	0	0	0
4	19_5	6	0	0	0
4	19_6	3	1	0	NA
4	19_7	6	0	0	0
4	19_8	7	0	0	0
4	20_2	5	0	1	0
4	20_3	6	0	0	0
4	20_4	4	1	0	NA
4	20_6	7	0	0	0
4	20_7	4	1	0	NA
4	20_8	1	0	0	0
4	20_9	6	1	0	NA
4	20_10	4	0	0	0
4	20_11	3	1	0	NA
4	22_2	7	0	1	0
4	22_3	5	0	0	0
4	22_4	3	1	0	NA
4	22_5	6	0	0	0
4	22_6	3	1	0	NA
4	22_7	7	0	0	0
4	22_8	7	0	0	0
4	22_9	4	1	0	NA
4	22_10	3	1	0	NA
4	23_2	3	1	0	NA
4	23_3	4	0	0	0
4	23_4	2	0	0	0
4	23_5	3	1	0	NA
4	23_6	11	0	1	0
4	23_7	6	0	0	0
4	23_8	7	0	0	0
4	23_9	2	1	0	NA
4	23_10	7	0	0	0
4	25_2	9	0	0	0
4	25_3	3	0	0	0
4	25_4	8	0	0	0
4	25_5	4	1	0	NA
4	25_6	3	0	0	0
4	25_7	9	0	0	0
4	25_8	7	0	0	0
4	26_2	2	0	0	0
4	26_3	3	1	0	NA
4	26_4	7	0	0	0
4	26_5	2	1	0	NA
4	26_6	3	0	0	0
4	26_7	2	1	0	NA
4	26_8	9	0	0	0
4	26_9	5	0	0	0
4	26_10	1	1	0	NA
4	26_11	4	0	0	0
4	26_12	2	1	0	NA
4	28_2	9	0	0	0
4	28_3	6	0	0	0
4	28_4	7	0	0	0
4	28_5	2	1	0	NA
4	28_6	5	0	0	0
4	28_7	7	0	0	0
4	28_8	1	1	0	NA
4	28_9	8	0	0	0
4	28_10	2	1	0	NA
4	29_2	5	0	1	0
4	29_3	6	0	0	0
4	29_4	3	1	0	NA
4	29_5	8	0	0	0
4	29_6	2	1	0	NA
4	29_7	2	0	0	0
4	29_8	7	0	0	0
4	29_9	3	1	0	NA
4	29_10	6	0	0	0
4	31_2	4	1	0	NA
4	31_4	3	1	0	NA
4	31_5	3	0	0	0
4	31_6	3	1	0	NA
4	31_7	7	0	0	0
4	31_8	4	1	0	NA
4	31_9	3	0	0	0
4	31_10	6	0	0	0
4	31_11	4	0	0	0
4	32_2	4	0	0	0
4	32_3	1	1	0	NA
4	32_5	3	1	0	NA
4	32_6	7	0	0	0
4	32_7	6	0	0	0
4	32_8	3	1	0	NA
4	33_2	6	0	1	0
4	33_3	5	1	0	NA
4	33_4	7	0	0	1
4	33_5	3	1	0	NA
4	33_6	9	0	1	0
4	33_7	2	1	0	NA
4	33_8	3	0	0	0
4	34_2	6	0	1	0
4	34_3	9	0	0	0
4	34_4	1	1	0	NA
4	34_5	7	0	0	0
4	34_6	2	1	0	NA
4	34_7	2	0	0	0
4	34_8	6	0	0	0
4	34_9	6	0	0	0
4	34_10	3	1	0	NA
4	35_2	6	0	1	0
4	35_3	4	0	0	0
4	35_4	3	1	0	NA
4	35_5	7	0	0	0
4	35_6	2	1	0	NA
4	35_7	3	0	0	0
4	35_8	4	0	0	0
4	35_9	3	1	0	NA
4	35_10	1	0	0	0
4	35_11	7	1	0	NA
4	35_12	2	1	0	NA
4	35_13	3	0	0	0
4	36_2	5	0	1	0
4	36_3	3	1	0	NA
4	36_4	7	0	0	0
4	36_5	4	0	0	0
4	36_7	3	1	0	NA
4	36_9	3	1	0	NA
4	37_2	5	0	0	0
4	37_3	3	1	0	NA
4	37_4	1	0	0	0
4	37_5	9	1	0	NA
4	37_6	5	0	0	1
4	37_7	5	0	0	0
4	37_8	6	0	0	0
4	37_9	2	1	0	NA
4	37_10	7	0	0	0
4	37_11	3	0	0	0
4	38_2	4	0	0	0
4	38_3	4	1	0	NA
4	38_4	3	0	0	0
4	38_5	5	0	0	0
4	38_6	3	1	0	NA
4	38_7	9	0	0	0
4	38_8	1	1	0	NA
4	38_9	7	0	0	0
4	38_10	4	0	0	0
4	38_11	3	1	0	NA
4	38_12	5	0	0	0
4	39_2	6	0	1	0
4	39_3	4	1	0	NA
4	39_4	6	0	0	0
4	39_5	3	0	0	0
4	39_6	2	1	0	NA
4	39_7	3	0	0	0
4	39_8	7	0	1	0
4	39_9	3	1	0	NA
4	39_10	2	0	0	0
4	39_11	3	1	0	NA
4	39_12	5	0	0	0
4	41_2	4	0	1	0
4	41_3	4	1	0	NA
4	41_4	10	0	0	0
4	41_5	3	0	0	0
4	41_6	1	1	0	NA
4	41_7	6	0	0	0
4	41_8	5	0	0	0
4	41_9	3	1	0	NA
4	41_10	1	1	0	NA
4	41_11	10	0	0	0
4	42_2	8	0	1	0
4	42_3	7	0	0	0
4	42_4	9	0	0	0
4	42_5	3	1	0	NA
4	42_6	6	0	0	0
4	42_7	2	1	0	NA
4	42_8	3	0	0	0
4	42_9	5	0	0	0
4	43_2	9	0	0	0
4	43_4	3	0	0	0
4	43_5	6	1	0	NA
4	43_6	6	0	0	0
4	43_7	10	0	0	0
4	43_8	3	1	0	NA
4	43_9	1	0	0	0
4	43_10	4	1	0	NA
4	43_11	2	1	0	NA
4	44_2	3	0	1	0
4	44_3	7	0	0	0
4	44_5	6	0	0	0
4	44_6	4	1	0	NA
4	44_7	7	0	0	0
4	44_8	2	1	0	NA
4	44_9	6	0	0	0
4	44_10	3	1	0	NA
4	45_2	8	0	1	0
4	45_3	7	0	1	0
4	45_4	4	1	0	NA
4	45_5	1	0	0	0
4	45_6	5	1	0	NA
4	45_7	6	0	0	0
4	45_8	5	0	0	0
4	45_9	2	1	0	NA
4	45_10	3	1	0	NA
4	45_11	5	0	0	0
4	46_2	3	0	0	0
4	46_3	3	0	0	0
4	46_4	3	1	0	NA
4	46_5	2	0	0	0
4	46_6	3	1	0	NA
4	46_8	2	1	0	NA
4	46_9	6	0	0	0
4	46_10	6	0	0	0
4	46_11	2	1	0	NA
4	46_12	3	0	0	0
4	47_2	6	0	1	0
4	47_3	9	0	0	0
4	47_4	7	0	0	0
4	47_5	1	1	0	NA
4	47_7	3	1	0	NA
4	47_8	2	0	0	0
4	47_9	9	0	0	0
4	47_10	2	1	0	NA
4	47_11	3	0	0	0
4	48_2	4	1	0	NA
4	48_3	6	0	1	1
4	48_4	6	0	0	0
4	48_5	8	0	0	0
4	48_6	3	1	0	NA
4	48_8	2	1	0	NA
4	48_9	7	0	0	0
4	48_10	3	1	0	NA
4	48_11	3	0	0	0
5	1_2	5	0	1	0
5	1_3	4	1	0	NA
5	1_4	3	0	0	0
5	1_5	3	1	0	NA
5	1_6	9	0	0	0
5	1_7	2	1	0	NA
5	1_8	3	0	0	0
5	1_9	3	1	0	NA
5	1_10	2	1	0	NA
5	1_11	3	0	0	0
5	2_2	9	0	0	0
5	2_3	10	0	0	0
5	2_4	3	1	0	NA
5	2_5	3	0	0	0
5	2_6	9	0	0	0
5	2_7	2	1	0	NA
5	2_8	3	1	0	NA
5	2_9	6	0	0	0
5	3_2	2	0	0	0
5	3_3	3	1	0	NA
5	3_4	8	0	0	0
5	3_5	6	0	0	0
5	3_6	2	1	0	NA
5	3_7	4	1	0	NA
5	3_8	2	0	0	0
5	3_9	4	0	0	0
5	3_10	5	1	0	NA
5	3_11	6	0	0	0
5	4_2	4	0	0	0
5	4_3	5	0	0	0
5	4_4	4	1	0	NA
5	4_5	2	0	0	0
5	4_6	5	1	0	NA
5	4_7	4	0	0	0
5	4_8	3	0	0	0
5	4_9	5	0	0	0
5	4_10	8	1	0	NA
5	5_2	10	0	0	0
5	5_3	4	1	0	NA
5	5_4	3	0	0	0
5	5_5	8	0	0	0
5	5_6	8	0	0	0
5	5_7	4	0	0	0
5	5_8	4	1	0	NA
5	5_9	4	0	0	0
5	6_2	5	0	0	0
5	6_3	3	1	0	NA
5	6_4	6	0	0	0
5	6_5	3	0	0	0
5	6_6	7	0	0	0
5	6_7	2	1	0	NA
5	6_8	8	0	0	0
5	6_9	5	1	0	NA
5	6_10	3	0	0	0
5	6_11	3	1	0	NA
5	6_12	3	0	0	0
5	7_2	9	0	0	0
5	7_3	8	0	1	0
5	7_4	2	1	0	NA
5	7_5	3	1	0	NA
5	7_6	5	0	0	0
5	7_7	7	0	0	0
5	7_8	3	1	0	NA
5	8_2	6	0	0	0
5	8_4	8	1	0	NA
5	8_5	4	0	0	0
5	8_6	3	1	0	NA
5	8_7	3	0	0	0
5	8_8	7	1	0	NA
5	8_9	2	0	0	0
5	9_2	7	0	0	0
5	9_3	3	1	0	NA
5	9_4	8	0	1	0
5	9_5	4	1	0	NA
5	9_6	9	0	0	0
5	9_7	4	0	0	0
5	9_8	3	1	0	NA
5	10_2	9	0	0	0
5	10_3	9	0	1	0
5	10_4	6	0	0	0
5	10_5	2	1	0	NA
5	10_6	3	1	0	NA
5	10_7	7	0	0	0
5	10_8	3	1	0	NA
5	10_9	4	0	0	0
5	10_10	4	0	0	0
5	11_2	4	1	0	NA
5	11_3	3	0	0	0
5	11_4	7	0	0	0
5	11_5	4	0	0	0
5	11_6	3	1	0	NA
5	11_7	3	1	0	NA
5	11_8	3	0	0	0
5	11_9	3	1	0	NA
5	11_10	8	0	0	0
5	12_2	3	0	1	0
5	12_3	9	1	0	NA
5	12_4	2	0	0	0
5	12_5	6	0	0	0
5	12_6	7	0	0	0
5	12_7	7	1	0	NA
5	12_8	5	1	0	NA
5	12_9	2	1	0	NA
5	12_10	3	0	0	0
5	12_11	2	1	0	NA
5	12_12	4	1	0	NA
5	13_2	3	0	0	0
5	13_3	3	1	0	NA
5	13_4	7	0	0	0
5	13_5	4	0	0	0
5	13_6	2	1	0	NA
5	13_7	6	0	0	0
5	13_8	3	1	0	NA
5	13_9	5	0	0	0
5	13_10	6	1	0	NA
5	14_2	3	0	0	0
5	14_3	3	1	0	NA
5	14_4	4	0	0	0
5	14_5	4	0	0	0
5	14_6	2	1	0	NA
5	14_7	3	1	0	NA
5	14_8	7	0	0	0
5	14_10	3	1	0	NA
5	14_11	2	1	0	NA
5	15_2	6	0	0	0
5	15_3	5	0	0	0
5	15_4	4	1	0	NA
5	15_5	7	0	0	0
5	15_6	4	1	0	NA
5	15_9	3	1	0	NA
5	16_2	4	0	0	0
5	16_3	6	0	0	0
5	16_4	5	0	0	0
5	16_5	3	1	0	NA
5	16_6	6	0	0	0
5	16_7	6	0	1	0
5	16_8	3	1	0	NA
5	16_9	3	0	0	0
5	16_10	8	0	0	0
5	17_2	4	0	0	0
5	17_3	5	0	0	0
5	17_4	4	0	0	0
5	17_5	6	0	0	0
5	17_6	6	1	0	NA
5	17_7	3	0	0	0
5	17_8	7	0	0	0
5	17_9	2	1	0	NA
5	17_10	6	0	0	0
5	18_2	5	0	0	0
5	18_3	5	0	0	0
5	18_4	3	1	0	NA
5	18_5	3	0	0	0
5	18_6	2	1	0	NA
5	18_7	5	0	0	0
5	18_8	3	1	0	NA
5	18_9	6	0	0	0
5	18_10	3	1	0	NA
5	18_11	3	0	0	0
5	18_12	3	1	0	NA
5	19_2	7	0	0	0
5	19_3	6	0	0	0
5	19_4	5	0	0	0
5	19_5	6	0	0	0
5	19_6	3	1	0	NA
5	19_7	6	0	0	0
5	19_8	7	0	0	0
5	20_2	5	0	1	0
5	20_3	6	0	0	0
5	20_4	4	1	0	NA
5	20_6	7	0	0	0
5	20_7	4	1	0	NA
5	20_8	1	1	0	NA
5	20_9	6	0	0	0
5	20_10	4	0	0	0
5	20_11	3	0	0	0
5	21_2	3	0	0	0
5	21_3	3	1	0	NA
5	21_4	4	1	0	NA
5	21_5	8	0	0	0
5	21_6	3	1	0	NA
5	21_7	8	1	0	NA
5	21_8	3	0	0	0
5	21_9	6	0	0	0
5	21_10	5	1	0	NA
5	21_11	2	1	0	NA
5	22_2	7	0	0	0
5	22_3	5	0	0	0
5	22_4	3	1	0	NA
5	22_5	6	0	1	0
5	22_6	3	1	0	NA
5	22_7	7	0	0	0
5	22_8	7	0	0	0
5	22_9	4	1	0	NA
5	22_10	3	0	0	0
5	23_2	3	0	0	0
5	23_3	4	1	0	NA
5	23_4	2	0	0	0
5	23_5	3	1	0	NA
5	23_6	11	0	0	0
5	23_7	6	0	0	0
5	23_8	7	0	0	0
5	23_9	2	1	0	NA
5	23_10	7	0	0	0
5	24_2	3	0	0	0
5	24_3	12	0	0	0
5	24_4	7	0	0	0
5	24_5	2	1	0	NA
5	24_6	5	0	0	0
5	24_7	3	1	0	NA
5	24_8	6	0	0	0
5	24_9	2	1	0	NA
5	25_2	9	0	1	0
5	25_3	3	1	0	NA
5	25_4	8	0	1	0
5	25_5	4	1	0	NA
5	25_6	3	0	0	0
5	25_7	9	0	0	0
5	25_8	7	0	0	0
5	26_2	2	1	0	NA
5	26_3	3	0	0	0
5	26_4	7	0	0	0
5	26_5	2	1	0	NA
5	26_6	3	0	0	0
5	26_7	2	1	0	NA
5	26_8	9	0	0	0
5	26_9	5	0	0	0
5	26_10	1	1	0	NA
5	26_11	4	0	0	0
5	26_12	2	1	0	NA
5	27_2	4	0	1	0
5	27_3	3	1	0	NA
5	27_4	4	0	0	0
5	27_5	8	0	0	0
5	27_6	2	1	0	NA
5	27_7	3	0	0	0
5	27_8	12	0	0	0
5	27_9	2	0	0	1
5	28_2	9	0	1	0
5	28_3	6	0	0	0
5	28_4	7	0	0	0
5	28_5	2	1	0	NA
5	28_6	5	0	0	0
5	28_7	7	0	0	0
5	28_8	1	1	0	NA
5	28_9	8	0	0	0
5	28_10	2	1	0	NA
5	29_2	5	0	0	0
5	29_3	6	0	1	0
5	29_4	3	1	0	NA
5	29_5	8	0	0	0
5	29_6	2	1	0	NA
5	29_7	2	0	0	0
5	29_8	7	1	0	NA
5	29_9	3	1	0	NA
5	29_10	6	0	0	0
5	30_2	3	0	0	0
5	30_3	8	0	0	0
5	30_4	2	1	0	NA
5	30_5	7	0	0	0
5	30_6	1	1	0	NA
5	30_7	7	0	0	0
5	30_8	4	1	0	NA
5	30_9	3	0	0	0
5	31_2	4	1	0	NA
5	31_4	3	1	0	NA
5	31_5	3	0	0	0
5	31_6	3	0	0	0
5	31_7	7	0	0	0
5	31_8	4	1	0	NA
5	31_9	3	0	0	0
5	31_10	6	1	0	NA
5	31_11	4	0	0	0
5	32_2	4	0	0	0
5	32_3	1	1	0	NA
5	32_5	3	1	0	NA
5	32_6	7	0	0	0
5	32_7	6	0	0	0
5	32_8	3	1	0	NA
5	33_2	6	0	0	0
5	33_3	5	0	1	0
5	33_4	7	0	0	0
5	33_5	3	1	0	NA
5	33_6	9	0	0	0
5	33_7	2	1	0	NA
5	33_8	3	1	0	NA
5	34_2	6	0	0	0
5	34_3	9	0	0	0
5	34_4	1	1	0	NA
5	34_5	7	0	0	0
5	34_6	2	0	0	0
5	34_7	2	1	0	NA
5	34_8	6	0	0	0
5	34_9	6	1	0	NA
5	34_10	3	0	0	0
5	35_2	6	0	0	0
5	35_3	4	0	0	0
5	35_4	3	1	0	NA
5	35_5	7	0	1	0
5	35_6	2	1	0	NA
5	35_7	3	1	0	NA
5	35_8	4	0	0	0
5	35_9	3	1	0	NA
5	35_10	1	1	0	NA
5	35_11	7	0	0	0
5	35_12	2	1	0	NA
5	35_13	3	0	0	0
5	36_2	5	0	0	0
5	36_3	3	1	0	NA
5	36_4	7	0	0	0
5	36_5	4	1	0	NA
5	36_7	3	1	0	NA
5	36_9	3	1	0	NA
5	37_2	5	0	1	0
5	37_3	3	1	0	NA
5	37_4	1	0	0	0
5	37_5	9	0	0	0
5	37_6	5	0	0	0
5	37_7	5	1	0	NA
5	37_8	6	0	0	0
5	37_9	2	1	0	NA
5	37_10	7	0	0	0
5	37_11	3	1	0	NA
5	38_2	4	0	0	0
5	38_3	4	0	0	0
5	38_4	3	1	0	NA
5	38_5	5	0	0	0
5	38_6	3	1	0	NA
5	38_7	9	0	0	0
5	38_8	1	1	0	NA
5	38_9	7	0	0	0
5	38_10	4	1	0	NA
5	38_11	3	0	0	0
5	38_12	5	1	0	NA
5	39_2	6	0	0	0
5	39_3	4	0	0	0
5	39_4	6	0	0	0
5	39_5	3	1	0	NA
5	39_6	2	1	0	NA
5	39_7	3	0	0	0
5	39_8	7	0	0	0
5	39_9	3	1	0	NA
5	39_10	2	1	0	NA
5	39_11	3	0	0	0
5	39_12	5	0	0	0
5	40_2	7	0	0	0
5	40_3	5	1	0	NA
5	40_4	3	0	0	0
5	40_5	6	0	0	0
5	40_6	3	1	0	NA
5	40_7	5	0	0	0
5	40_8	3	1	0	NA
5	40_9	11	0	0	0
5	40_10	2	1	0	NA
5	40_11	3	0	0	0
5	41_2	4	0	0	0
5	41_3	4	0	0	0
5	41_4	10	0	0	0
5	41_5	3	1	0	NA
5	41_6	1	1	0	NA
5	41_7	6	0	0	0
5	41_8	5	0	0	0
5	41_9	3	1	0	NA
5	41_10	1	0	0	0
5	41_11	10	0	0	0
5	42_2	8	0	0	0
5	42_3	7	0	1	0
5	42_4	9	0	0	0
5	42_5	3	0	0	0
5	42_6	6	0	0	0
5	42_7	2	1	0	NA
5	42_8	3	1	0	NA
5	42_9	5	0	0	0
5	43_2	9	0	0	0
5	43_4	3	1	0	NA
5	43_5	6	0	0	0
5	43_6	6	1	0	NA
5	43_7	10	0	1	0
5	43_8	3	1	0	NA
5	43_9	1	1	0	NA
5	43_10	4	1	0	NA
5	43_11	2	0	0	0
5	44_2	3	0	0	0
5	44_3	7	0	0	0
5	44_5	6	1	0	NA
5	44_6	4	0	0	0
5	44_7	7	0	0	0
5	44_8	2	1	0	NA
5	44_9	6	0	0	0
5	44_10	3	1	0	NA
5	45_2	8	0	1	0
5	45_3	7	0	0	0
5	45_4	4	0	0	0
5	45_5	1	1	0	NA
5	45_6	5	0	0	0
5	45_7	6	1	0	NA
5	45_8	5	0	0	0
5	45_9	2	1	0	NA
5	45_10	3	0	0	0
5	45_11	5	1	0	NA
5	46_2	3	0	0	0
5	46_3	3	1	0	NA
5	46_4	3	0	0	0
5	46_5	2	0	0	0
5	46_6	3	1	0	NA
5	46_8	2	1	0	NA
5	46_9	6	0	0	0
5	46_10	6	0	0	0
5	46_11	2	1	0	NA
5	46_12	3	0	0	0
5	47_2	6	0	0	0
5	47_3	9	0	0	0
5	47_4	7	0	0	0
5	47_5	1	1	0	NA
5	47_7	3	1	0	NA
5	47_8	2	1	0	NA
5	47_9	9	0	1	0
5	47_10	2	1	0	NA
5	47_11	3	1	0	NA
5	48_2	4	0	0	0
5	48_3	6	1	0	NA
5	48_4	6	0	0	0
5	48_5	8	0	0	0
5	48_6	3	1	0	NA
5	48_8	2	1	0	NA
5	48_9	7	0	0	0
5	48_10	3	1	0	NA
5	48_11	3	1	0	NA
6	1_2	5	0	1	0
6	1_3	4	1	0	NA
6	1_4	3	0	0	0
6	1_5	3	1	0	NA
6	1_6	9	0	0	0
6	1_7	2	0	0	0
6	1_8	3	1	0	NA
6	1_9	3	1	0	NA
6	1_10	2	1	0	NA
6	1_11	3	0	0	1
6	2_2	9	0	0	0
6	2_3	10	0	1	0
6	2_4	3	1	0	NA
6	2_5	3	0	0	0
6	2_6	9	0	0	0
6	2_7	2	1	0	NA
6	2_8	3	0	0	0
6	2_9	6	0	0	0
6	3_2	2	0	0	0
6	3_3	3	1	0	NA
6	3_4	8	0	0	0
6	3_5	6	0	1	0
6	3_6	2	1	0	NA
6	3_7	4	1	0	NA
6	3_8	2	0	0	0
6	3_9	4	1	0	NA
6	3_10	5	0	0	0
6	3_11	6	0	0	1
6	4_2	4	0	0	0
6	4_3	5	0	0	0
6	4_4	4	0	0	0
6	4_5	2	1	0	NA
6	4_6	5	0	0	0
6	4_7	4	0	0	0
6	4_8	3	1	0	NA
6	4_9	5	0	0	0
6	4_10	8	0	0	0
6	5_2	10	0	1	0
6	5_3	4	1	0	NA
6	5_4	3	1	0	NA
6	5_5	8	0	1	0
6	5_6	8	0	0	0
6	5_7	4	1	0	NA
6	5_8	4	0	0	0
6	5_9	4	1	0	NA
6	6_2	5	0	1	0
6	6_3	3	1	0	NA
6	6_4	6	0	0	0
6	6_5	3	0	0	0
6	6_6	7	0	0	0
6	6_7	2	1	0	NA
6	6_8	8	0	0	0
6	6_9	5	1	0	NA
6	6_10	3	0	0	0
6	6_11	3	1	0	NA
6	6_12	3	1	0	NA
6	7_2	9	0	1	0
6	7_3	8	0	0	0
6	7_4	2	0	0	0
6	7_5	3	1	0	NA
6	7_6	5	0	0	0
6	7_7	7	0	0	0
6	7_8	3	1	0	NA
6	8_2	6	0	0	0
6	8_4	8	0	0	0
6	8_5	4	0	0	0
6	8_6	3	1	0	NA
6	8_7	3	0	0	0
6	8_8	7	1	0	NA
6	8_9	2	1	0	NA
6	9_2	7	0	0	0
6	9_3	3	1	0	NA
6	9_4	8	0	0	0
6	9_5	4	0	0	0
6	9_6	9	0	1	0
6	9_7	4	1	0	NA
6	9_8	3	1	0	NA
6	10_2	9	0	0	0
6	10_3	9	0	0	0
6	10_4	6	0	0	0
6	10_5	2	1	0	NA
6	10_6	3	1	0	NA
6	10_7	7	0	0	0
6	10_8	3	0	0	0
6	10_9	4	1	0	NA
6	10_10	4	0	0	0
6	11_2	4	0	0	0
6	11_3	3	1	0	NA
6	11_4	7	0	0	0
6	11_5	4	1	0	NA
6	11_6	3	0	0	0
6	11_7	3	1	0	NA
6	11_8	3	1	0	NA
6	11_9	3	0	0	0
6	11_10	8	0	0	0
6	12_2	3	0	0	0
6	12_3	9	1	0	NA
6	12_4	2	0	0	0
6	12_5	6	0	0	0
6	12_6	7	0	0	0
6	12_7	7	1	0	NA
6	12_8	5	0	0	0
6	12_9	2	1	0	NA
6	12_10	3	1	0	NA
6	12_11	2	0	1	0
6	12_12	4	1	0	NA
6	14_2	3	0	1	0
6	14_3	3	1	0	NA
6	14_4	4	0	0	0
6	14_5	4	0	0	0
6	14_6	2	1	0	NA
6	14_7	3	1	0	NA
6	14_8	7	0	0	0
6	14_10	3	1	0	NA
6	14_11	2	0	0	0
6	15_2	6	0	1	0
6	15_3	5	1	0	NA
6	15_4	4	0	0	0
6	15_5	7	0	0	0
6	15_6	4	0	0	0
6	15_9	3	1	0	NA
6	16_2	4	0	0	0
6	16_3	6	0	0	0
6	16_4	5	1	0	NA
6	16_5	3	0	0	0
6	16_6	6	0	0	0
6	16_7	6	1	0	NA
6	16_8	3	0	0	0
6	16_9	3	1	0	NA
6	16_10	8	0	0	0
6	17_2	4	0	0	0
6	17_3	5	0	0	0
6	17_4	4	1	0	NA
6	17_5	6	0	0	0
6	17_6	6	0	0	0
6	17_7	3	1	0	NA
6	17_8	7	0	0	0
6	17_9	2	0	0	0
6	17_10	6	1	0	NA
6	18_2	5	0	0	0
6	18_3	5	0	0	0
6	18_4	3	1	0	NA
6	18_5	3	0	0	0
6	18_6	2	1	0	NA
6	18_7	5	0	0	0
6	18_8	3	1	0	NA
6	18_9	6	0	1	0
6	18_10	3	1	0	NA
6	18_11	3	1	0	NA
6	18_12	3	1	0	NA
6	19_2	7	0	0	0
6	19_3	6	0	1	0
6	19_4	5	0	0	0
6	19_5	6	1	0	NA
6	19_6	3	0	0	0
6	19_7	6	0	0	0
6	19_8	7	0	0	0
6	20_2	5	0	0	0
6	20_3	6	0	0	0
6	20_4	4	0	0	0
6	20_6	7	1	0	NA
6	20_7	4	0	0	0
6	20_8	1	1	0	NA
6	20_9	6	0	0	0
6	20_10	4	1	0	NA
6	20_11	3	1	0	NA
6	22_2	7	0	1	0
6	22_3	5	1	0	NA
6	22_4	3	0	0	0
6	22_5	6	0	0	0
6	22_6	3	1	0	NA
6	22_7	7	0	0	0
6	22_8	7	1	0	NA
6	22_9	4	0	0	0
6	22_10	3	1	0	NA
6	23_2	3	0	0	1
6	23_3	4	1	0	NA
6	23_4	2	1	0	NA
6	23_5	3	0	0	1
6	23_6	11	0	0	0
6	23_7	6	0	0	0
6	23_8	7	0	0	0
6	23_9	2	1	0	NA
6	23_10	7	0	0	0
6	24_2	3	0	0	0
6	24_3	12	0	0	0
6	24_4	7	0	0	0
6	24_5	2	0	0	0
6	24_6	5	1	0	NA
6	24_7	3	0	0	0
6	24_8	6	0	0	0
6	24_9	2	1	0	NA
6	25_2	9	0	1	0
6	25_3	3	1	0	NA
6	25_4	8	0	0	0
6	25_5	4	0	0	0
6	25_6	3	1	0	NA
6	25_7	9	0	0	0
6	25_8	7	0	0	0
6	26_2	2	0	0	0
6	26_3	3	1	0	NA
6	26_4	7	0	1	0
6	26_5	2	1	0	NA
6	26_6	3	0	0	0
6	26_7	2	1	0	NA
6	26_8	9	0	0	0
6	26_9	5	0	0	0
6	26_10	1	1	0	NA
6	26_11	4	1	0	NA
6	26_12	2	1	0	NA
6	27_2	4	0	0	0
6	27_3	3	0	0	0
6	27_4	4	1	0	NA
6	27_5	8	0	0	0
6	27_6	2	0	0	0
6	27_7	3	1	0	NA
6	27_8	12	0	0	0
6	27_9	2	0	0	0
6	28_2	9	0	0	0
6	28_3	6	0	0	0
6	28_4	7	1	0	NA
6	28_5	2	0	0	0
6	28_6	5	1	0	NA
6	28_7	7	0	0	0
6	28_8	1	0	0	0
6	28_9	8	1	0	NA
6	28_10	2	0	0	0
6	29_2	5	0	1	0
6	29_3	6	0	0	0
6	29_4	3	1	0	NA
6	29_5	8	0	0	0
6	29_6	2	0	0	0
6	29_7	2	1	0	NA
6	29_8	7	0	0	0
6	29_9	3	1	0	NA
6	29_10	6	1	0	NA
6	30_2	3	0	0	0
6	30_3	8	1	0	NA
6	30_4	2	0	0	0
6	30_5	7	0	0	0
6	30_6	1	1	0	NA
6	30_7	7	0	0	0
6	30_8	4	1	0	NA
6	30_9	3	1	0	NA
6	31_2	4	1	0	NA
6	31_4	3	0	0	0
6	31_5	3	1	0	NA
6	31_6	3	0	0	0
6	31_7	7	0	0	0
6	31_8	4	1	0	NA
6	31_9	3	1	0	NA
6	31_10	6	0	0	0
6	31_11	4	0	0	0
6	32_2	4	1	0	NA
6	32_3	1	1	0	NA
6	32_5	3	1	0	NA
6	32_6	7	0	0	0
6	32_7	6	0	0	0
6	32_8	3	1	0	NA
6	33_2	6	0	1	0
6	33_3	5	1	0	NA
6	33_4	7	0	1	0
6	33_5	3	1	0	NA
6	33_6	9	0	0	0
6	33_7	2	1	0	NA
6	33_8	3	0	0	0
6	34_2	6	0	0	0
6	34_3	9	0	1	0
6	34_4	1	1	0	NA
6	34_5	7	0	0	0
6	34_6	2	1	0	NA
6	34_7	2	0	0	0
6	34_8	6	0	0	0
6	34_9	6	1	0	NA
6	34_10	3	1	0	NA
6	35_2	6	0	0	0
6	35_3	4	0	0	0
6	35_4	3	0	0	0
6	35_5	7	1	0	NA
6	35_6	2	0	0	1
6	35_7	3	1	0	NA
6	35_8	4	1	0	NA
6	35_9	3	0	0	0
6	35_10	1	1	0	NA
6	35_11	7	1	0	NA
6	35_12	2	0	0	0
6	35_13	3	1	0	NA
6	36_2	5	0	0	0
6	36_3	3	0	0	0
6	36_4	7	0	0	0
6	36_5	4	1	0	NA
6	36_7	3	1	0	NA
6	36_9	3	1	0	NA
6	37_2	5	0	0	0
6	37_3	3	0	0	0
6	37_4	1	1	0	NA
6	37_5	9	0	0	0
6	37_6	5	1	0	NA
6	37_7	5	0	0	0
6	37_8	6	0	0	0
6	37_9	2	1	0	NA
6	37_10	7	0	0	0
6	37_11	3	1	0	NA
6	38_2	4	0	0	0
6	38_3	4	0	0	0
6	38_4	3	0	0	0
6	38_5	5	0	0	0
6	38_6	3	1	0	NA
6	38_7	9	0	0	0
6	38_8	1	1	0	NA
6	38_9	7	0	0	0
6	38_10	4	0	0	0
6	38_11	3	1	0	NA
6	38_12	5	1	0	NA
6	39_2	6	0	0	0
6	39_3	4	0	0	0
6	39_4	6	0	0	0
6	39_5	3	0	0	0
6	39_6	2	1	0	NA
6	39_7	3	1	0	NA
6	39_8	7	0	0	0
6	39_9	3	0	0	0
6	39_10	2	1	0	NA
6	39_11	3	1	0	NA
6	39_12	5	0	0	0
6	40_2	7	0	0	0
6	40_3	5	0	0	0
6	40_4	3	1	0	NA
6	40_5	6	0	0	0
6	40_6	3	1	0	NA
6	40_7	5	0	0	0
6	40_8	3	0	0	0
6	40_9	11	1	0	NA
6	40_10	2	0	0	0
6	40_11	3	1	0	NA
6	41_2	4	0	0	0
6	41_3	4	0	0	0
6	41_4	10	0	0	0
6	41_5	3	0	0	0
6	41_6	1	1	0	NA
6	41_7	6	0	0	0
6	41_8	5	1	0	NA
6	41_9	3	0	0	0
6	41_10	1	1	0	NA
6	41_11	10	0	0	0
6	42_2	8	0	1	0
6	42_3	7	0	0	0
6	42_4	9	0	0	0
6	42_5	3	1	0	NA
6	42_6	6	0	0	0
6	42_7	2	0	0	0
6	42_8	3	1	0	NA
6	42_9	5	0	0	0
6	43_2	9	0	0	0
6	43_4	3	1	0	NA
6	43_5	6	0	0	0
6	43_6	6	0	0	0
6	43_7	10	0	0	0
6	43_8	3	1	0	NA
6	43_9	1	1	0	NA
6	43_10	4	0	0	0
6	43_11	2	1	0	NA
6	45_2	8	0	1	0
6	45_3	7	0	0	0
6	45_4	4	1	0	NA
6	45_5	1	0	0	0
6	45_6	5	1	0	NA
6	45_7	6	0	1	0
6	45_8	5	0	0	0
6	45_9	2	1	0	NA
6	45_10	3	1	0	NA
6	45_11	5	0	0	0
6	46_2	3	0	0	0
6	46_3	3	1	0	NA
6	46_4	3	0	0	0
6	46_5	2	0	0	0
6	46_6	3	1	0	NA
6	46_8	2	1	0	NA
6	46_9	6	0	0	0
6	46_10	6	0	0	0
6	46_11	2	1	0	NA
6	46_12	3	0	0	0
6	47_2	6	0	1	0
6	47_3	9	0	0	0
6	47_4	7	0	0	0
6	47_5	1	1	0	NA
6	47_7	3	1	0	NA
6	47_8	2	0	0	0
6	47_9	9	0	0	0
6	47_10	2	1	0	NA
6	47_11	3	1	0	NA
6	48_2	4	0	0	0
6	48_3	6	0	0	0
6	48_4	6	1	0	NA
6	48_5	8	0	1	0
6	48_6	3	1	0	NA
6	48_8	2	1	0	NA
6	48_9	7	0	0	0
6	48_10	3	1	0	NA
6	48_11	3	1	0	NA
7	2_2	9	0	0	0
7	2_3	10	0	0	0
7	2_4	3	1	0	NA
7	2_5	3	1	0	NA
7	2_6	9	0	0	0
7	2_7	2	0	0	0
7	2_8	3	1	0	NA
7	2_9	6	0	0	0
7	4_2	4	0	1	0
7	4_3	5	1	0	NA
7	4_4	4	0	0	0
7	4_5	2	1	0	NA
7	4_6	5	0	0	0
7	4_7	4	1	0	NA
7	4_8	3	0	0	0
7	4_9	5	0	0	0
7	4_10	8	1	0	NA
7	5_2	10	0	1	1
7	5_3	4	1	0	NA
7	5_4	3	0	0	0
7	5_5	8	0	0	0
7	5_6	8	0	0	0
7	5_7	4	1	0	NA
7	5_8	4	0	0	0
7	5_9	4	0	0	0
7	9_2	7	0	0	0
7	9_3	3	1	0	NA
7	9_4	8	0	0	0
7	9_5	4	0	0	0
7	9_6	9	0	0	0
7	9_7	4	0	0	0
7	9_8	3	1	0	NA
7	10_2	9	0	0	0
7	10_3	9	0	0	0
7	10_4	6	0	0	0
7	10_5	2	1	0	NA
7	10_6	3	0	0	0
7	10_7	7	1	0	NA
7	10_8	3	1	0	NA
7	10_9	4	0	0	0
7	10_10	4	0	0	0
7	11_2	4	0	0	1
7	11_3	3	1	0	NA
7	11_4	7	0	0	0
7	11_5	4	1	0	NA
7	11_6	3	0	0	1
7	11_7	3	1	0	NA
7	11_8	3	0	0	0
7	11_9	3	1	0	NA
7	11_10	8	0	0	0
7	12_2	3	0	0	0
7	12_3	9	0	0	0
7	12_4	2	1	0	NA
7	12_5	6	0	0	0
7	12_6	7	0	0	0
7	12_7	7	0	0	0
7	12_8	5	1	0	NA
7	12_9	2	1	0	NA
7	12_10	3	0	0	1
7	12_11	2	1	0	NA
7	12_12	4	0	0	0
7	13_2	3	0	0	0
7	13_3	3	1	0	NA
7	13_4	7	0	0	0
7	13_5	4	1	0	NA
7	13_6	2	0	0	1
7	13_7	6	1	0	NA
7	13_8	3	1	0	NA
7	13_9	5	0	0	1
7	13_10	6	1	0	NA
7	14_2	3	0	0	0
7	14_3	3	1	0	NA
7	14_4	4	1	0	NA
7	14_5	4	0	0	0
7	14_6	2	0	0	0
7	14_7	3	1	0	NA
7	14_8	7	0	0	0
7	14_10	3	1	0	NA
7	14_11	2	1	0	NA
7	16_2	4	0	1	0
7	16_3	6	0	1	0
7	16_4	5	1	0	NA
7	16_5	3	0	0	0
7	16_6	6	0	0	0
7	16_7	6	1	0	NA
7	16_8	3	0	0	0
7	16_9	3	0	0	0
7	16_10	8	0	0	0
7	17_2	4	1	0	NA
7	17_3	5	0	1	0
7	17_4	4	1	0	NA
7	17_5	6	0	0	0
7	17_6	6	0	0	0
7	17_7	3	1	0	NA
7	17_8	7	0	0	0
7	17_9	2	1	0	NA
7	17_10	6	0	0	1
7	21_2	3	0	0	0
7	21_3	3	1	0	NA
7	21_4	4	1	0	NA
7	21_5	8	0	1	0
7	21_6	3	1	0	NA
7	21_7	8	0	0	0
7	21_8	3	1	0	NA
7	21_9	6	0	0	0
7	21_10	5	0	0	0
7	21_11	2	1	0	NA
7	25_2	9	0	0	0
7	25_3	3	1	0	NA
7	25_4	8	0	0	0
7	25_5	4	0	0	0
7	25_6	3	1	0	NA
7	25_7	9	0	0	0
7	25_8	7	0	0	0
7	27_2	4	0	0	0
7	27_3	3	0	0	0
7	27_4	4	1	0	NA
7	27_5	8	0	0	0
7	27_6	2	1	0	NA
7	27_7	3	0	0	0
7	27_8	12	0	0	0
7	27_9	2	1	0	NA
7	31_2	4	1	0	NA
7	31_4	3	1	0	NA
7	31_5	3	1	0	NA
7	31_6	3	0	0	0
7	31_7	7	0	0	0
7	31_8	4	1	0	NA
7	31_9	3	1	0	NA
7	31_10	6	0	0	0
7	31_11	4	0	0	1
7	34_2	6	0	1	0
7	34_3	9	0	0	0
7	34_4	1	1	0	NA
7	34_5	7	0	0	0
7	34_6	2	1	0	NA
7	34_7	2	0	0	0
7	34_8	6	0	0	0
7	34_9	6	0	0	0
7	34_10	3	1	0	NA
7	37_2	5	0	0	0
7	37_3	3	1	0	NA
7	37_4	1	1	0	NA
7	37_5	9	0	0	0
7	37_6	5	0	0	0
7	37_7	5	0	0	0
7	37_8	6	1	0	NA
7	37_9	2	0	0	0
7	37_10	7	0	0	0
7	37_11	3	1	0	NA
7	38_2	4	0	0	0
7	38_3	4	0	0	0
7	38_4	3	1	0	NA
7	38_5	5	0	0	0
7	38_6	3	1	0	NA
7	38_7	9	0	0	0
7	38_8	1	1	0	NA
7	38_9	7	0	0	0
7	38_10	4	1	0	NA
7	38_11	3	0	0	0
7	38_12	5	1	0	NA
7	39_2	6	0	0	0
7	39_3	4	1	0	NA
7	39_4	6	0	0	0
7	39_5	3	0	0	0
7	39_6	2	1	0	NA
7	39_7	3	0	0	0
7	39_8	7	1	0	NA
7	39_9	3	0	0	0
7	39_10	2	0	0	0
7	39_11	3	1	0	NA
7	39_12	5	0	0	0
7	40_2	7	0	0	0
7	40_3	5	0	0	0
7	40_4	3	1	0	NA
7	40_5	6	0	0	0
7	40_6	3	1	0	NA
7	40_7	5	0	0	0
7	40_8	3	1	0	NA
7	40_9	11	0	0	0
7	40_10	2	0	0	0
7	40_11	3	1	0	NA
7	42_2	8	0	1	0
7	42_3	7	0	0	0
7	42_4	9	0	0	0
7	42_5	3	1	0	NA
7	42_6	6	0	0	0
7	42_7	2	1	0	NA
7	42_8	3	1	0	NA
7	42_9	5	1	0	NA
7	44_2	3	0	0	0
7	44_3	7	0	0	0
7	44_5	6	0	0	0
7	44_6	4	1	0	NA
7	44_7	7	0	0	0
7	44_8	2	0	0	0
7	44_9	6	1	0	NA
7	44_10	3	1	0	NA
7	45_2	8	0	0	0
7	45_3	7	0	0	0
7	45_4	4	0	0	0
7	45_5	1	1	0	NA
7	45_6	5	0	0	0
7	45_7	6	1	0	NA
7	45_8	5	0	0	0
7	45_9	2	1	0	NA
7	45_10	3	0	0	0
7	45_11	5	0	0	0
8	5_2	10	0	1	1
8	5_3	4	1	0	NA
8	5_4	3	0	0	0
8	5_5	8	0	0	0
8	5_6	8	0	0	0
8	5_7	4	1	0	NA
8	5_8	4	1	0	NA
8	5_9	4	1	0	NA
8	41_2	4	1	0	NA
8	41_3	4	0	1	1
8	41_4	10	0	0	0
8	41_5	3	1	0	NA
8	41_6	1	1	0	NA
8	41_7	6	0	1	0
8	41_8	5	1	0	NA
8	41_9	3	0	0	0
8	41_10	1	1	0	NA
8	41_11	10	1	0	NA
8	43_2	9	0	0	0
8	43_4	3	1	0	NA
8	43_5	6	0	0	0
8	43_6	6	0	0	0
8	43_7	10	0	0	1
8	43_8	3	1	0	NA
8	43_9	1	1	0	NA
8	43_10	4	1	0	NA
8	43_11	2	1	0	NA
9	3_2	2	1	0	NA
9	3_3	3	1	0	NA
9	3_4	8	1	0	NA
9	3_5	6	0	0	1
9	3_6	2	1	0	NA
9	3_7	4	0	0	0
9	3_8	2	1	0	NA
9	3_9	4	0	0	0
9	3_10	5	0	0	0
9	3_11	6	0	1	0
9	7_2	9	0	0	0
9	7_3	8	0	0	1
9	7_4	2	0	0	0
9	7_5	3	1	0	NA
9	7_6	5	0	0	0
9	7_7	7	0	1	0
9	7_8	3	1	0	NA
9	8_2	6	0	0	0
9	8_4	8	0	1	0
9	8_5	4	1	0	NA
9	8_6	3	0	0	0
9	8_7	3	0	0	0
9	8_8	7	0	0	0
9	8_9	2	1	0	NA
9	9_2	7	0	0	0
9	9_3	3	1	0	NA
9	9_4	8	0	1	0
9	9_5	4	1	0	NA
9	9_6	9	0	1	0
9	9_7	4	0	1	0
9	9_8	3	1	0	NA
9	10_2	9	1	0	NA
9	10_3	9	1	0	NA
9	10_4	6	0	0	1
9	10_5	2	1	0	NA
9	10_6	3	0	0	0
9	10_7	7	0	0	0
9	10_8	3	0	0	0
9	10_9	4	0	0	0
9	10_10	4	1	0	NA
9	12_2	3	1	0	NA
9	12_3	9	0	1	0
9	12_4	2	1	0	NA
9	12_5	6	0	0	1
9	12_6	7	0	0	0
9	12_7	7	0	0	0
9	12_8	5	0	0	0
9	12_9	2	1	0	NA
9	12_10	3	0	0	0
9	12_11	2	0	0	0
9	12_12	4	0	1	0
9	13_2	3	1	0	NA
9	13_3	3	0	0	0
9	13_4	7	0	0	0
9	13_5	4	0	0	0
9	13_6	2	1	0	NA
9	13_7	6	0	1	0
9	13_8	3	1	0	NA
9	13_9	5	0	0	0
9	13_10	6	0	0	0
9	14_2	3	0	0	0
9	14_3	3	0	0	0
9	14_4	4	1	0	NA
9	14_5	4	0	0	0
9	14_6	2	1	0	NA
9	14_7	3	0	0	0
9	14_8	7	0	0	0
9	14_10	3	1	0	NA
9	14_11	2	0	0	1
9	15_2	6	0	0	0
9	15_3	5	0	0	0
9	15_4	4	0	0	0
9	15_5	7	0	0	0
9	15_6	4	1	0	NA
9	15_9	3	1	0	NA
9	18_2	5	0	1	0
9	18_3	5	0	0	0
9	18_4	3	1	0	NA
9	18_5	3	0	0	0
9	18_6	2	1	0	NA
9	18_7	5	0	0	0
9	18_8	3	1	0	NA
9	18_9	6	0	1	0
9	18_10	3	1	0	NA
9	18_11	3	0	0	0
9	18_12	3	1	0	NA
9	22_2	7	0	0	0
9	22_3	5	0	0	0
9	22_4	3	0	0	0
9	22_5	6	0	0	0
9	22_6	3	1	0	NA
9	22_7	7	0	1	0
9	22_8	7	0	1	0
9	22_9	4	1	0	NA
9	22_10	3	0	0	0
9	28_2	9	0	1	0
9	28_3	6	0	0	0
9	28_4	7	0	0	0
9	28_5	2	1	0	NA
9	28_6	5	0	0	0
9	28_7	7	0	0	0
9	28_8	1	1	0	NA
9	28_9	8	0	0	0
9	28_10	2	1	0	NA
9	29_2	5	0	0	0
9	29_3	6	0	0	0
9	29_4	3	1	0	NA
9	29_5	8	0	1	0
9	29_6	2	1	0	NA
9	29_7	2	1	0	NA
9	29_8	7	0	1	0
9	29_9	3	1	0	NA
9	29_10	6	0	0	0
9	31_2	4	0	0	1
9	31_4	3	1	0	NA
9	31_5	3	1	0	NA
9	31_6	3	0	0	0
9	31_7	7	0	0	1
9	31_8	4	1	0	NA
9	31_9	3	0	0	0
9	31_10	6	0	0	0
9	31_11	4	1	0	NA
9	34_2	6	0	1	0
9	34_3	9	0	0	0
9	34_4	1	1	0	NA
9	34_5	7	0	0	0
9	34_6	2	1	0	NA
9	34_7	2	0	1	0
9	34_8	6	0	1	0
9	34_9	6	0	1	0
9	34_10	3	1	0	NA
9	35_2	6	0	1	0
9	35_3	4	1	0	NA
9	35_4	3	0	0	0
9	35_5	7	0	0	0
9	35_6	2	1	0	NA
9	35_7	3	0	0	0
9	35_8	4	0	0	0
9	35_9	3	1	0	NA
9	35_10	1	1	0	NA
9	35_11	7	0	0	0
9	35_12	2	1	0	NA
9	35_13	3	0	0	0
9	37_2	5	1	0	NA
9	37_3	3	0	0	0
9	37_4	1	1	0	NA
9	37_5	9	0	0	1
9	37_6	5	1	0	NA
9	37_7	5	0	0	0
9	37_8	6	0	0	0
9	37_9	2	1	0	NA
9	37_10	7	0	1	0
9	37_11	3	1	0	NA
9	41_2	4	1	0	NA
9	41_3	4	0	0	1
9	41_4	10	0	1	0
9	41_5	3	0	0	1
9	41_6	1	1	0	NA
9	41_7	6	0	0	0
9	41_8	5	0	0	0
9	41_9	3	0	0	0
9	41_10	1	1	0	NA
9	41_11	10	0	0	0
9	43_2	9	0	0	1
9	43_4	3	1	0	NA
9	43_5	6	0	1	0
9	43_6	6	0	0	0
9	43_7	10	0	1	0
9	43_8	3	1	0	NA
9	43_9	1	0	0	0
9	43_10	4	1	0	NA
9	43_11	2	0	0	1
9	48_2	4	1	0	NA
9	48_3	6	0	1	0
9	48_4	6	0	0	0
9	48_5	8	0	0	0
9	48_6	3	0	0	0
9	48_8	2	1	0	NA
9	48_9	7	0	0	1
9	48_10	3	1	0	NA
9	48_11	3	0	1	0
